12345678910
12345678109
12345679810
12345679108
12345671089
12345671098
12345687910
12345687109
12345689710
12345689107
12345681079
12345681097
12345697810
12345697108
12345698710
12345698107
12345691078
12345691087
12345610789
12345610798
12345610879
12345610897
12345610978
12345610987
12345768910
12345768109
12345769810
12345769108
12345761089
12345761098
12345786910
12345786109
12345789610
12345789106
12345781069
12345781096
12345796810
12345796108
12345798610
12345798106
12345791068
12345791086
12345710689
12345710698
12345710869
12345710896
12345710968
12345710986
12345867910
12345867109
12345869710
12345869107
12345861079
12345861097
12345876910
12345876109
12345879610
12345879106
12345871069
12345871096
12345896710
12345896107
12345897610
12345897106
12345891067
12345891076
12345810679
12345810697
12345810769
12345810796
12345810967
12345810976
12345967810
12345967108
12345968710
12345968107
12345961078
12345961087
12345976810
12345976108
12345978610
12345978106
12345971068
12345971086
12345986710
12345986107
12345987610
12345987106
12345981067
12345981076
12345910678
12345910687
12345910768
12345910786
12345910867
12345910876
12345106789
12345106798
12345106879
12345106897
12345106978
12345106987
12345107689
12345107698
12345107869
12345107896
12345107968
12345107986
12345108679
12345108697
12345108769
12345108796
12345108967
12345108976
12345109678
12345109687
12345109768
12345109786
12345109867
12345109876
12346578910
12346578109
12346579810
12346579108
12346571089
12346571098
12346587910
12346587109
12346589710
12346589107
12346581079
12346581097
12346597810
12346597108
12346598710
12346598107
12346591078
12346591087
12346510789
12346510798
12346510879
12346510897
12346510978
12346510987
12346758910
12346758109
12346759810
12346759108
12346751089
12346751098
12346785910
12346785109
12346789510
12346789105
12346781059
12346781095
12346795810
12346795108
12346798510
12346798105
12346791058
12346791085
12346710589
12346710598
12346710859
12346710895
12346710958
12346710985
12346857910
12346857109
12346859710
12346859107
12346851079
12346851097
12346875910
12346875109
12346879510
12346879105
12346871059
12346871095
12346895710
12346895107
12346897510
12346897105
12346891057
12346891075
12346810579
12346810597
12346810759
12346810795
12346810957
12346810975
12346957810
12346957108
12346958710
12346958107
12346951078
12346951087
12346975810
12346975108
12346978510
12346978105
12346971058
12346971085
12346985710
12346985107
12346987510
12346987105
12346981057
12346981075
12346910578
12346910587
12346910758
12346910785
12346910857
12346910875
12346105789
12346105798
12346105879
12346105897
12346105978
12346105987
12346107589
12346107598
12346107859
12346107895
12346107958
12346107985
12346108579
12346108597
12346108759
12346108795
12346108957
12346108975
12346109578
12346109587
12346109758
12346109785
12346109857
12346109875
12347568910
12347568109
12347569810
12347569108
12347561089
12347561098
12347586910
12347586109
12347589610
12347589106
12347581069
12347581096
12347596810
12347596108
12347598610
12347598106
12347591068
12347591086
12347510689
12347510698
12347510869
12347510896
12347510968
12347510986
12347658910
12347658109
12347659810
12347659108
12347651089
12347651098
12347685910
12347685109
12347689510
12347689105
12347681059
12347681095
12347695810
12347695108
12347698510
12347698105
12347691058
12347691085
12347610589
12347610598
12347610859
12347610895
12347610958
12347610985
12347856910
12347856109
12347859610
12347859106
12347851069
12347851096
12347865910
12347865109
12347869510
12347869105
12347861059
12347861095
12347895610
12347895106
12347896510
12347896105
12347891056
12347891065
12347810569
12347810596
12347810659
12347810695
12347810956
12347810965
12347956810
12347956108
12347958610
12347958106
12347951068
12347951086
12347965810
12347965108
12347968510
12347968105
12347961058
12347961085
12347985610
12347985106
12347986510
12347986105
12347981056
12347981065
12347910568
12347910586
12347910658
12347910685
12347910856
12347910865
12347105689
12347105698
12347105869
12347105896
12347105968
12347105986
12347106589
12347106598
12347106859
12347106895
12347106958
12347106985
12347108569
12347108596
12347108659
12347108695
12347108956
12347108965
12347109568
12347109586
12347109658
12347109685
12347109856
12347109865
12348567910
12348567109
12348569710
12348569107
12348561079
12348561097
12348576910
12348576109
12348579610
12348579106
12348571069
12348571096
12348596710
12348596107
12348597610
12348597106
12348591067
12348591076
12348510679
12348510697
12348510769
12348510796
12348510967
12348510976
12348657910
12348657109
12348659710
12348659107
12348651079
12348651097
12348675910
12348675109
12348679510
12348679105
12348671059
12348671095
12348695710
12348695107
12348697510
12348697105
12348691057
12348691075
12348610579
12348610597
12348610759
12348610795
12348610957
12348610975
12348756910
12348756109
12348759610
12348759106
12348751069
12348751096
12348765910
12348765109
12348769510
12348769105
12348761059
12348761095
12348795610
12348795106
12348796510
12348796105
12348791056
12348791065
12348710569
12348710596
12348710659
12348710695
12348710956
12348710965
12348956710
12348956107
12348957610
12348957106
12348951067
12348951076
12348965710
12348965107
12348967510
12348967105
12348961057
12348961075
12348975610
12348975106
12348976510
12348976105
12348971056
12348971065
12348910567
12348910576
12348910657
12348910675
12348910756
12348910765
12348105679
12348105697
12348105769
12348105796
12348105967
12348105976
12348106579
12348106597
12348106759
12348106795
12348106957
12348106975
12348107569
12348107596
12348107659
12348107695
12348107956
12348107965
12348109567
12348109576
12348109657
12348109675
12348109756
12348109765
12349567810
12349567108
12349568710
12349568107
12349561078
12349561087
12349576810
12349576108
12349578610
12349578106
12349571068
12349571086
12349586710
12349586107
12349587610
12349587106
12349581067
12349581076
12349510678
12349510687
12349510768
12349510786
12349510867
12349510876
12349657810
12349657108
12349658710
12349658107
12349651078
12349651087
12349675810
12349675108
12349678510
12349678105
12349671058
12349671085
12349685710
12349685107
12349687510
12349687105
12349681057
12349681075
12349610578
12349610587
12349610758
12349610785
12349610857
12349610875
12349756810
12349756108
12349758610
12349758106
12349751068
12349751086
12349765810
12349765108
12349768510
12349768105
12349761058
12349761085
12349785610
12349785106
12349786510
12349786105
12349781056
12349781065
12349710568
12349710586
12349710658
12349710685
12349710856
12349710865
12349856710
12349856107
12349857610
12349857106
12349851067
12349851076
12349865710
12349865107
12349867510
12349867105
12349861057
12349861075
12349875610
12349875106
12349876510
12349876105
12349871056
12349871065
12349810567
12349810576
12349810657
12349810675
12349810756
12349810765
12349105678
12349105687
12349105768
12349105786
12349105867
12349105876
12349106578
12349106587
12349106758
12349106785
12349106857
12349106875
12349107568
12349107586
12349107658
12349107685
12349107856
12349107865
12349108567
12349108576
12349108657
12349108675
12349108756
12349108765
12341056789
12341056798
12341056879
12341056897
12341056978
12341056987
12341057689
12341057698
12341057869
12341057896
12341057968
12341057986
12341058679
12341058697
12341058769
12341058796
12341058967
12341058976
12341059678
12341059687
12341059768
12341059786
12341059867
12341059876
12341065789
12341065798
12341065879
12341065897
12341065978
12341065987
12341067589
12341067598
12341067859
12341067895
12341067958
12341067985
12341068579
12341068597
12341068759
12341068795
12341068957
12341068975
12341069578
12341069587
12341069758
12341069785
12341069857
12341069875
12341075689
12341075698
12341075869
12341075896
12341075968
12341075986
12341076589
12341076598
12341076859
12341076895
12341076958
12341076985
12341078569
12341078596
12341078659
12341078695
12341078956
12341078965
12341079568
12341079586
12341079658
12341079685
12341079856
12341079865
12341085679
12341085697
12341085769
12341085796
12341085967
12341085976
12341086579
12341086597
12341086759
12341086795
12341086957
12341086975
12341087569
12341087596
12341087659
12341087695
12341087956
12341087965
12341089567
12341089576
12341089657
12341089675
12341089756
12341089765
12341095678
12341095687
12341095768
12341095786
12341095867
12341095876
12341096578
12341096587
12341096758
12341096785
12341096857
12341096875
12341097568
12341097586
12341097658
12341097685
12341097856
12341097865
12341098567
12341098576
12341098657
12341098675
12341098756
12341098765
12354678910
12354678109
12354679810
12354679108
12354671089
12354671098
12354687910
12354687109
12354689710
12354689107
12354681079
12354681097
12354697810
12354697108
12354698710
12354698107
12354691078
12354691087
12354610789
12354610798
12354610879
12354610897
12354610978
12354610987
12354768910
12354768109
12354769810
12354769108
12354761089
12354761098
12354786910
12354786109
12354789610
12354789106
12354781069
12354781096
12354796810
12354796108
12354798610
12354798106
12354791068
12354791086
12354710689
12354710698
12354710869
12354710896
12354710968
12354710986
12354867910
12354867109
12354869710
12354869107
12354861079
12354861097
12354876910
12354876109
12354879610
12354879106
12354871069
12354871096
12354896710
12354896107
12354897610
12354897106
12354891067
12354891076
12354810679
12354810697
12354810769
12354810796
12354810967
12354810976
12354967810
12354967108
12354968710
12354968107
12354961078
12354961087
12354976810
12354976108
12354978610
12354978106
12354971068
12354971086
12354986710
12354986107
12354987610
12354987106
12354981067
12354981076
12354910678
12354910687
12354910768
12354910786
12354910867
12354910876
12354106789
12354106798
12354106879
12354106897
12354106978
12354106987
12354107689
12354107698
12354107869
12354107896
12354107968
12354107986
12354108679
12354108697
12354108769
12354108796
12354108967
12354108976
12354109678
12354109687
12354109768
12354109786
12354109867
12354109876
12356478910
12356478109
12356479810
12356479108
12356471089
12356471098
12356487910
12356487109
12356489710
12356489107
12356481079
12356481097
12356497810
12356497108
12356498710
12356498107
12356491078
12356491087
12356410789
12356410798
12356410879
12356410897
12356410978
12356410987
12356748910
12356748109
12356749810
12356749108
12356741089
12356741098
12356784910
12356784109
12356789410
12356789104
12356781049
12356781094
12356794810
12356794108
12356798410
12356798104
12356791048
12356791084
12356710489
12356710498
12356710849
12356710894
12356710948
12356710984
12356847910
12356847109
12356849710
12356849107
12356841079
12356841097
12356874910
12356874109
12356879410
12356879104
12356871049
12356871094
12356894710
12356894107
12356897410
12356897104
12356891047
12356891074
12356810479
12356810497
12356810749
12356810794
12356810947
12356810974
12356947810
12356947108
12356948710
12356948107
12356941078
12356941087
12356974810
12356974108
12356978410
12356978104
12356971048
12356971084
12356984710
12356984107
12356987410
12356987104
12356981047
12356981074
12356910478
12356910487
12356910748
12356910784
12356910847
12356910874
12356104789
12356104798
12356104879
12356104897
12356104978
12356104987
12356107489
12356107498
12356107849
12356107894
12356107948
12356107984
12356108479
12356108497
12356108749
12356108794
12356108947
12356108974
12356109478
12356109487
12356109748
12356109784
12356109847
12356109874
12357468910
12357468109
12357469810
12357469108
12357461089
12357461098
12357486910
12357486109
12357489610
12357489106
12357481069
12357481096
12357496810
12357496108
12357498610
12357498106
12357491068
12357491086
12357410689
12357410698
12357410869
12357410896
12357410968
12357410986
12357648910
12357648109
12357649810
12357649108
12357641089
12357641098
12357684910
12357684109
12357689410
12357689104
12357681049
12357681094
12357694810
12357694108
12357698410
12357698104
12357691048
12357691084
12357610489
12357610498
12357610849
12357610894
12357610948
12357610984
12357846910
12357846109
12357849610
12357849106
12357841069
12357841096
12357864910
12357864109
12357869410
12357869104
12357861049
12357861094
12357894610
12357894106
12357896410
12357896104
12357891046
12357891064
12357810469
12357810496
12357810649
12357810694
12357810946
12357810964
12357946810
12357946108
12357948610
12357948106
12357941068
12357941086
12357964810
12357964108
12357968410
12357968104
12357961048
12357961084
12357984610
12357984106
12357986410
12357986104
12357981046
12357981064
12357910468
12357910486
12357910648
12357910684
12357910846
12357910864
12357104689
12357104698
12357104869
12357104896
12357104968
12357104986
12357106489
12357106498
12357106849
12357106894
12357106948
12357106984
12357108469
12357108496
12357108649
12357108694
12357108946
12357108964
12357109468
12357109486
12357109648
12357109684
12357109846
12357109864
12358467910
12358467109
12358469710
12358469107
12358461079
12358461097
12358476910
12358476109
12358479610
12358479106
12358471069
12358471096
12358496710
12358496107
12358497610
12358497106
12358491067
12358491076
12358410679
12358410697
12358410769
12358410796
12358410967
12358410976
12358647910
12358647109
12358649710
12358649107
12358641079
12358641097
12358674910
12358674109
12358679410
12358679104
12358671049
12358671094
12358694710
12358694107
12358697410
12358697104
12358691047
12358691074
12358610479
12358610497
12358610749
12358610794
12358610947
12358610974
12358746910
12358746109
12358749610
12358749106
12358741069
12358741096
12358764910
12358764109
12358769410
12358769104
12358761049
12358761094
12358794610
12358794106
12358796410
12358796104
12358791046
12358791064
12358710469
12358710496
12358710649
12358710694
12358710946
12358710964
12358946710
12358946107
12358947610
12358947106
12358941067
12358941076
12358964710
12358964107
12358967410
12358967104
12358961047
12358961074
12358974610
12358974106
12358976410
12358976104
12358971046
12358971064
12358910467
12358910476
12358910647
12358910674
12358910746
12358910764
12358104679
12358104697
12358104769
12358104796
12358104967
12358104976
12358106479
12358106497
12358106749
12358106794
12358106947
12358106974
12358107469
12358107496
12358107649
12358107694
12358107946
12358107964
12358109467
12358109476
12358109647
12358109674
12358109746
12358109764
12359467810
12359467108
12359468710
12359468107
12359461078
12359461087
12359476810
12359476108
12359478610
12359478106
12359471068
12359471086
12359486710
12359486107
12359487610
12359487106
12359481067
12359481076
12359410678
12359410687
12359410768
12359410786
12359410867
12359410876
12359647810
12359647108
12359648710
12359648107
12359641078
12359641087
12359674810
12359674108
12359678410
12359678104
12359671048
12359671084
12359684710
12359684107
12359687410
12359687104
12359681047
12359681074
12359610478
12359610487
12359610748
12359610784
12359610847
12359610874
12359746810
12359746108
12359748610
12359748106
12359741068
12359741086
12359764810
12359764108
12359768410
12359768104
12359761048
12359761084
12359784610
12359784106
12359786410
12359786104
12359781046
12359781064
12359710468
12359710486
12359710648
12359710684
12359710846
12359710864
12359846710
12359846107
12359847610
12359847106
12359841067
12359841076
12359864710
12359864107
12359867410
12359867104
12359861047
12359861074
12359874610
12359874106
12359876410
12359876104
12359871046
12359871064
12359810467
12359810476
12359810647
12359810674
12359810746
12359810764
12359104678
12359104687
12359104768
12359104786
12359104867
12359104876
12359106478
12359106487
12359106748
12359106784
12359106847
12359106874
12359107468
12359107486
12359107648
12359107684
12359107846
12359107864
12359108467
12359108476
12359108647
12359108674
12359108746
12359108764
12351046789
12351046798
12351046879
12351046897
12351046978
12351046987
12351047689
12351047698
12351047869
12351047896
12351047968
12351047986
12351048679
12351048697
12351048769
12351048796
12351048967
12351048976
12351049678
12351049687
12351049768
12351049786
12351049867
12351049876
12351064789
12351064798
12351064879
12351064897
12351064978
12351064987
12351067489
12351067498
12351067849
12351067894
12351067948
12351067984
12351068479
12351068497
12351068749
12351068794
12351068947
12351068974
12351069478
12351069487
12351069748
12351069784
12351069847
12351069874
12351074689
12351074698
12351074869
12351074896
12351074968
12351074986
12351076489
12351076498
12351076849
12351076894
12351076948
12351076984
12351078469
12351078496
12351078649
12351078694
12351078946
12351078964
12351079468
12351079486
12351079648
12351079684
12351079846
12351079864
12351084679
12351084697
12351084769
12351084796
12351084967
12351084976
12351086479
12351086497
12351086749
12351086794
12351086947
12351086974
12351087469
12351087496
12351087649
12351087694
12351087946
12351087964
12351089467
12351089476
12351089647
12351089674
12351089746
12351089764
12351094678
12351094687
12351094768
12351094786
12351094867
12351094876
12351096478
12351096487
12351096748
12351096784
12351096847
12351096874
12351097468
12351097486
12351097648
12351097684
12351097846
12351097864
12351098467
12351098476
12351098647
12351098674
12351098746
12351098764
12364578910
12364578109
12364579810
12364579108
12364571089
12364571098
12364587910
12364587109
12364589710
12364589107
12364581079
12364581097
12364597810
12364597108
12364598710
12364598107
12364591078
12364591087
12364510789
12364510798
12364510879
12364510897
12364510978
12364510987
12364758910
12364758109
12364759810
12364759108
12364751089
12364751098
12364785910
12364785109
12364789510
12364789105
12364781059
12364781095
12364795810
12364795108
12364798510
12364798105
12364791058
12364791085
12364710589
12364710598
12364710859
12364710895
12364710958
12364710985
12364857910
12364857109
12364859710
12364859107
12364851079
12364851097
12364875910
12364875109
12364879510
12364879105
12364871059
12364871095
12364895710
12364895107
12364897510
12364897105
12364891057
12364891075
12364810579
12364810597
12364810759
12364810795
12364810957
12364810975
12364957810
12364957108
12364958710
12364958107
12364951078
12364951087
12364975810
12364975108
12364978510
12364978105
12364971058
12364971085
12364985710
12364985107
12364987510
12364987105
12364981057
12364981075
12364910578
12364910587
12364910758
12364910785
12364910857
12364910875
12364105789
12364105798
12364105879
12364105897
12364105978
12364105987
12364107589
12364107598
12364107859
12364107895
12364107958
12364107985
12364108579
12364108597
12364108759
12364108795
12364108957
12364108975
12364109578
12364109587
12364109758
12364109785
12364109857
12364109875
12365478910
12365478109
12365479810
12365479108
12365471089
12365471098
12365487910
12365487109
12365489710
12365489107
12365481079
12365481097
12365497810
12365497108
12365498710
12365498107
12365491078
12365491087
12365410789
12365410798
12365410879
12365410897
12365410978
12365410987
12365748910
12365748109
12365749810
12365749108
12365741089
12365741098
12365784910
12365784109
12365789410
12365789104
12365781049
12365781094
12365794810
12365794108
12365798410
12365798104
12365791048
12365791084
12365710489
12365710498
12365710849
12365710894
12365710948
12365710984
12365847910
12365847109
12365849710
12365849107
12365841079
12365841097
12365874910
12365874109
12365879410
12365879104
12365871049
12365871094
12365894710
12365894107
12365897410
12365897104
12365891047
12365891074
12365810479
12365810497
12365810749
12365810794
12365810947
12365810974
12365947810
12365947108
12365948710
12365948107
12365941078
12365941087
12365974810
12365974108
12365978410
12365978104
12365971048
12365971084
12365984710
12365984107
12365987410
12365987104
12365981047
12365981074
12365910478
12365910487
12365910748
12365910784
12365910847
12365910874
12365104789
12365104798
12365104879
12365104897
12365104978
12365104987
12365107489
12365107498
12365107849
12365107894
12365107948
12365107984
12365108479
12365108497
12365108749
12365108794
12365108947
12365108974
12365109478
12365109487
12365109748
12365109784
12365109847
12365109874
12367458910
12367458109
12367459810
12367459108
12367451089
12367451098
12367485910
12367485109
12367489510
12367489105
12367481059
12367481095
12367495810
12367495108
12367498510
12367498105
12367491058
12367491085
12367410589
12367410598
12367410859
12367410895
12367410958
12367410985
12367548910
12367548109
12367549810
12367549108
12367541089
12367541098
12367584910
12367584109
12367589410
12367589104
12367581049
12367581094
12367594810
12367594108
12367598410
12367598104
12367591048
12367591084
12367510489
12367510498
12367510849
12367510894
12367510948
12367510984
12367845910
12367845109
12367849510
12367849105
12367841059
12367841095
12367854910
12367854109
12367859410
12367859104
12367851049
12367851094
12367894510
12367894105
12367895410
12367895104
12367891045
12367891054
12367810459
12367810495
12367810549
12367810594
12367810945
12367810954
12367945810
12367945108
12367948510
12367948105
12367941058
12367941085
12367954810
12367954108
12367958410
12367958104
12367951048
12367951084
12367984510
12367984105
12367985410
12367985104
12367981045
12367981054
12367910458
12367910485
12367910548
12367910584
12367910845
12367910854
12367104589
12367104598
12367104859
12367104895
12367104958
12367104985
12367105489
12367105498
12367105849
12367105894
12367105948
12367105984
12367108459
12367108495
12367108549
12367108594
12367108945
12367108954
12367109458
12367109485
12367109548
12367109584
12367109845
12367109854
12368457910
12368457109
12368459710
12368459107
12368451079
12368451097
12368475910
12368475109
12368479510
12368479105
12368471059
12368471095
12368495710
12368495107
12368497510
12368497105
12368491057
12368491075
12368410579
12368410597
12368410759
12368410795
12368410957
12368410975
12368547910
12368547109
12368549710
12368549107
12368541079
12368541097
12368574910
12368574109
12368579410
12368579104
12368571049
12368571094
12368594710
12368594107
12368597410
12368597104
12368591047
12368591074
12368510479
12368510497
12368510749
12368510794
12368510947
12368510974
12368745910
12368745109
12368749510
12368749105
12368741059
12368741095
12368754910
12368754109
12368759410
12368759104
12368751049
12368751094
12368794510
12368794105
12368795410
12368795104
12368791045
12368791054
12368710459
12368710495
12368710549
12368710594
12368710945
12368710954
12368945710
12368945107
12368947510
12368947105
12368941057
12368941075
12368954710
12368954107
12368957410
12368957104
12368951047
12368951074
12368974510
12368974105
12368975410
12368975104
12368971045
12368971054
12368910457
12368910475
12368910547
12368910574
12368910745
12368910754
12368104579
12368104597
12368104759
12368104795
12368104957
12368104975
12368105479
12368105497
12368105749
12368105794
12368105947
12368105974
12368107459
12368107495
12368107549
12368107594
12368107945
12368107954
12368109457
12368109475
12368109547
12368109574
12368109745
12368109754
12369457810
12369457108
12369458710
12369458107
12369451078
12369451087
12369475810
12369475108
12369478510
12369478105
12369471058
12369471085
12369485710
12369485107
12369487510
12369487105
12369481057
12369481075
12369410578
12369410587
12369410758
12369410785
12369410857
12369410875
12369547810
12369547108
12369548710
12369548107
12369541078
12369541087
12369574810
12369574108
12369578410
12369578104
12369571048
12369571084
12369584710
12369584107
12369587410
12369587104
12369581047
12369581074
12369510478
12369510487
12369510748
12369510784
12369510847
12369510874
12369745810
12369745108
12369748510
12369748105
12369741058
12369741085
12369754810
12369754108
12369758410
12369758104
12369751048
12369751084
12369784510
12369784105
12369785410
12369785104
12369781045
12369781054
12369710458
12369710485
12369710548
12369710584
12369710845
12369710854
12369845710
12369845107
12369847510
12369847105
12369841057
12369841075
12369854710
12369854107
12369857410
12369857104
12369851047
12369851074
12369874510
12369874105
12369875410
12369875104
12369871045
12369871054
12369810457
12369810475
12369810547
12369810574
12369810745
12369810754
12369104578
12369104587
12369104758
12369104785
12369104857
12369104875
12369105478
12369105487
12369105748
12369105784
12369105847
12369105874
12369107458
12369107485
12369107548
12369107584
12369107845
12369107854
12369108457
12369108475
12369108547
12369108574
12369108745
12369108754
12361045789
12361045798
12361045879
12361045897
12361045978
12361045987
12361047589
12361047598
12361047859
12361047895
12361047958
12361047985
12361048579
12361048597
12361048759
12361048795
12361048957
12361048975
12361049578
12361049587
12361049758
12361049785
12361049857
12361049875
12361054789
12361054798
12361054879
12361054897
12361054978
12361054987
12361057489
12361057498
12361057849
12361057894
12361057948
12361057984
12361058479
12361058497
12361058749
12361058794
12361058947
12361058974
12361059478
12361059487
12361059748
12361059784
12361059847
12361059874
12361074589
12361074598
12361074859
12361074895
12361074958
12361074985
12361075489
12361075498
12361075849
12361075894
12361075948
12361075984
12361078459
12361078495
12361078549
12361078594
12361078945
12361078954
12361079458
12361079485
12361079548
12361079584
12361079845
12361079854
12361084579
12361084597
12361084759
12361084795
12361084957
12361084975
12361085479
12361085497
12361085749
12361085794
12361085947
12361085974
12361087459
12361087495
12361087549
12361087594
12361087945
12361087954
12361089457
12361089475
12361089547
12361089574
12361089745
12361089754
12361094578
12361094587
12361094758
12361094785
12361094857
12361094875
12361095478
12361095487
12361095748
12361095784
12361095847
12361095874
12361097458
12361097485
12361097548
12361097584
12361097845
12361097854
12361098457
12361098475
12361098547
12361098574
12361098745
12361098754
12374568910
12374568109
12374569810
12374569108
12374561089
12374561098
12374586910
12374586109
12374589610
12374589106
12374581069
12374581096
12374596810
12374596108
12374598610
12374598106
12374591068
12374591086
12374510689
12374510698
12374510869
12374510896
12374510968
12374510986
12374658910
12374658109
12374659810
12374659108
12374651089
12374651098
12374685910
12374685109
12374689510
12374689105
12374681059
12374681095
12374695810
12374695108
12374698510
12374698105
12374691058
12374691085
12374610589
12374610598
12374610859
12374610895
12374610958
12374610985
12374856910
12374856109
12374859610
12374859106
12374851069
12374851096
12374865910
12374865109
12374869510
12374869105
12374861059
12374861095
12374895610
12374895106
12374896510
12374896105
12374891056
12374891065
12374810569
12374810596
12374810659
12374810695
12374810956
12374810965
12374956810
12374956108
12374958610
12374958106
12374951068
12374951086
12374965810
12374965108
12374968510
12374968105
12374961058
12374961085
12374985610
12374985106
12374986510
12374986105
12374981056
12374981065
12374910568
12374910586
12374910658
12374910685
12374910856
12374910865
12374105689
12374105698
12374105869
12374105896
12374105968
12374105986
12374106589
12374106598
12374106859
12374106895
12374106958
12374106985
12374108569
12374108596
12374108659
12374108695
12374108956
12374108965
12374109568
12374109586
12374109658
12374109685
12374109856
12374109865
12375468910
12375468109
12375469810
12375469108
12375461089
12375461098
12375486910
12375486109
12375489610
12375489106
12375481069
12375481096
12375496810
12375496108
12375498610
12375498106
12375491068
12375491086
12375410689
12375410698
12375410869
12375410896
12375410968
12375410986
12375648910
12375648109
12375649810
12375649108
12375641089
12375641098
12375684910
12375684109
12375689410
12375689104
12375681049
12375681094
12375694810
12375694108
12375698410
12375698104
12375691048
12375691084
12375610489
12375610498
12375610849
12375610894
12375610948
12375610984
12375846910
12375846109
12375849610
12375849106
12375841069
12375841096
12375864910
12375864109
12375869410
12375869104
12375861049
12375861094
12375894610
12375894106
12375896410
12375896104
12375891046
12375891064
12375810469
12375810496
12375810649
12375810694
12375810946
12375810964
12375946810
12375946108
12375948610
12375948106
12375941068
12375941086
12375964810
12375964108
12375968410
12375968104
12375961048
12375961084
12375984610
12375984106
12375986410
12375986104
12375981046
12375981064
12375910468
12375910486
12375910648
12375910684
12375910846
12375910864
12375104689
12375104698
12375104869
12375104896
12375104968
12375104986
12375106489
12375106498
12375106849
12375106894
12375106948
12375106984
12375108469
12375108496
12375108649
12375108694
12375108946
12375108964
12375109468
12375109486
12375109648
12375109684
12375109846
12375109864
12376458910
12376458109
12376459810
12376459108
12376451089
12376451098
12376485910
12376485109
12376489510
12376489105
12376481059
12376481095
12376495810
12376495108
12376498510
12376498105
12376491058
12376491085
12376410589
12376410598
12376410859
12376410895
12376410958
12376410985
12376548910
12376548109
12376549810
12376549108
12376541089
12376541098
12376584910
12376584109
12376589410
12376589104
12376581049
12376581094
12376594810
12376594108
12376598410
12376598104
12376591048
12376591084
12376510489
12376510498
12376510849
12376510894
12376510948
12376510984
12376845910
12376845109
12376849510
12376849105
12376841059
12376841095
12376854910
12376854109
12376859410
12376859104
12376851049
12376851094
12376894510
12376894105
12376895410
12376895104
12376891045
12376891054
12376810459
12376810495
12376810549
12376810594
12376810945
12376810954
12376945810
12376945108
12376948510
12376948105
12376941058
12376941085
12376954810
12376954108
12376958410
12376958104
12376951048
12376951084
12376984510
12376984105
12376985410
12376985104
12376981045
12376981054
12376910458
12376910485
12376910548
12376910584
12376910845
12376910854
12376104589
12376104598
12376104859
12376104895
12376104958
12376104985
12376105489
12376105498
12376105849
12376105894
12376105948
12376105984
12376108459
12376108495
12376108549
12376108594
12376108945
12376108954
12376109458
12376109485
12376109548
12376109584
12376109845
12376109854
12378456910
12378456109
12378459610
12378459106
12378451069
12378451096
12378465910
12378465109
12378469510
12378469105
12378461059
12378461095
12378495610
12378495106
12378496510
12378496105
12378491056
12378491065
12378410569
12378410596
12378410659
12378410695
12378410956
12378410965
12378546910
12378546109
12378549610
12378549106
12378541069
12378541096
12378564910
12378564109
12378569410
12378569104
12378561049
12378561094
12378594610
12378594106
12378596410
12378596104
12378591046
12378591064
12378510469
12378510496
12378510649
12378510694
12378510946
12378510964
12378645910
12378645109
12378649510
12378649105
12378641059
12378641095
12378654910
12378654109
12378659410
12378659104
12378651049
12378651094
12378694510
12378694105
12378695410
12378695104
12378691045
12378691054
12378610459
12378610495
12378610549
12378610594
12378610945
12378610954
12378945610
12378945106
12378946510
12378946105
12378941056
12378941065
12378954610
12378954106
12378956410
12378956104
12378951046
12378951064
12378964510
12378964105
12378965410
12378965104
12378961045
12378961054
12378910456
12378910465
12378910546
12378910564
12378910645
12378910654
12378104569
12378104596
12378104659
12378104695
12378104956
12378104965
12378105469
12378105496
12378105649
12378105694
12378105946
12378105964
12378106459
12378106495
12378106549
12378106594
12378106945
12378106954
12378109456
12378109465
12378109546
12378109564
12378109645
12378109654
12379456810
12379456108
12379458610
12379458106
12379451068
12379451086
12379465810
12379465108
12379468510
12379468105
12379461058
12379461085
12379485610
12379485106
12379486510
12379486105
12379481056
12379481065
12379410568
12379410586
12379410658
12379410685
12379410856
12379410865
12379546810
12379546108
12379548610
12379548106
12379541068
12379541086
12379564810
12379564108
12379568410
12379568104
12379561048
12379561084
12379584610
12379584106
12379586410
12379586104
12379581046
12379581064
12379510468
12379510486
12379510648
12379510684
12379510846
12379510864
12379645810
12379645108
12379648510
12379648105
12379641058
12379641085
12379654810
12379654108
12379658410
12379658104
12379651048
12379651084
12379684510
12379684105
12379685410
12379685104
12379681045
12379681054
12379610458
12379610485
12379610548
12379610584
12379610845
12379610854
12379845610
12379845106
12379846510
12379846105
12379841056
12379841065
12379854610
12379854106
12379856410
12379856104
12379851046
12379851064
12379864510
12379864105
12379865410
12379865104
12379861045
12379861054
12379810456
12379810465
12379810546
12379810564
12379810645
12379810654
12379104568
12379104586
12379104658
12379104685
12379104856
12379104865
12379105468
12379105486
12379105648
12379105684
12379105846
12379105864
12379106458
12379106485
12379106548
12379106584
12379106845
12379106854
12379108456
12379108465
12379108546
12379108564
12379108645
12379108654
12371045689
12371045698
12371045869
12371045896
12371045968
12371045986
12371046589
12371046598
12371046859
12371046895
12371046958
12371046985
12371048569
12371048596
12371048659
12371048695
12371048956
12371048965
12371049568
12371049586
12371049658
12371049685
12371049856
12371049865
12371054689
12371054698
12371054869
12371054896
12371054968
12371054986
12371056489
12371056498
12371056849
12371056894
12371056948
12371056984
12371058469
12371058496
12371058649
12371058694
12371058946
12371058964
12371059468
12371059486
12371059648
12371059684
12371059846
12371059864
12371064589
12371064598
12371064859
12371064895
12371064958
12371064985
12371065489
12371065498
12371065849
12371065894
12371065948
12371065984
12371068459
12371068495
12371068549
12371068594
12371068945
12371068954
12371069458
12371069485
12371069548
12371069584
12371069845
12371069854
12371084569
12371084596
12371084659
12371084695
12371084956
12371084965
12371085469
12371085496
12371085649
12371085694
12371085946
12371085964
12371086459
12371086495
12371086549
12371086594
12371086945
12371086954
12371089456
12371089465
12371089546
12371089564
12371089645
12371089654
12371094568
12371094586
12371094658
12371094685
12371094856
12371094865
12371095468
12371095486
12371095648
12371095684
12371095846
12371095864
12371096458
12371096485
12371096548
12371096584
12371096845
12371096854
12371098456
12371098465
12371098546
12371098564
12371098645
12371098654
12384567910
12384567109
12384569710
12384569107
12384561079
12384561097
12384576910
12384576109
12384579610
12384579106
12384571069
12384571096
12384596710
12384596107
12384597610
12384597106
12384591067
12384591076
12384510679
12384510697
12384510769
12384510796
12384510967
12384510976
12384657910
12384657109
12384659710
12384659107
12384651079
12384651097
12384675910
12384675109
12384679510
12384679105
12384671059
12384671095
12384695710
12384695107
12384697510
12384697105
12384691057
12384691075
12384610579
12384610597
12384610759
12384610795
12384610957
12384610975
12384756910
12384756109
12384759610
12384759106
12384751069
12384751096
12384765910
12384765109
12384769510
12384769105
12384761059
12384761095
12384795610
12384795106
12384796510
12384796105
12384791056
12384791065
12384710569
12384710596
12384710659
12384710695
12384710956
12384710965
12384956710
12384956107
12384957610
12384957106
12384951067
12384951076
12384965710
12384965107
12384967510
12384967105
12384961057
12384961075
12384975610
12384975106
12384976510
12384976105
12384971056
12384971065
12384910567
12384910576
12384910657
12384910675
12384910756
12384910765
12384105679
12384105697
12384105769
12384105796
12384105967
12384105976
12384106579
12384106597
12384106759
12384106795
12384106957
12384106975
12384107569
12384107596
12384107659
12384107695
12384107956
12384107965
12384109567
12384109576
12384109657
12384109675
12384109756
12384109765
12385467910
12385467109
12385469710
12385469107
12385461079
12385461097
12385476910
12385476109
12385479610
12385479106
12385471069
12385471096
12385496710
12385496107
12385497610
12385497106
12385491067
12385491076
12385410679
12385410697
12385410769
12385410796
12385410967
12385410976
12385647910
12385647109
12385649710
12385649107
12385641079
12385641097
12385674910
12385674109
12385679410
12385679104
12385671049
12385671094
12385694710
12385694107
12385697410
12385697104
12385691047
12385691074
12385610479
12385610497
12385610749
12385610794
12385610947
12385610974
12385746910
12385746109
12385749610
12385749106
12385741069
12385741096
12385764910
12385764109
12385769410
12385769104
12385761049
12385761094
12385794610
12385794106
12385796410
12385796104
12385791046
12385791064
12385710469
12385710496
12385710649
12385710694
12385710946
12385710964
12385946710
12385946107
12385947610
12385947106
12385941067
12385941076
12385964710
12385964107
12385967410
12385967104
12385961047
12385961074
12385974610
12385974106
12385976410
12385976104
12385971046
12385971064
12385910467
12385910476
12385910647
12385910674
12385910746
12385910764
12385104679
12385104697
12385104769
12385104796
12385104967
12385104976
12385106479
12385106497
12385106749
12385106794
12385106947
12385106974
12385107469
12385107496
12385107649
12385107694
12385107946
12385107964
12385109467
12385109476
12385109647
12385109674
12385109746
12385109764
12386457910
12386457109
12386459710
12386459107
12386451079
12386451097
12386475910
12386475109
12386479510
12386479105
12386471059
12386471095
12386495710
12386495107
12386497510
12386497105
12386491057
12386491075
12386410579
12386410597
12386410759
12386410795
12386410957
12386410975
12386547910
12386547109
12386549710
12386549107
12386541079
12386541097
12386574910
12386574109
12386579410
12386579104
12386571049
12386571094
12386594710
12386594107
12386597410
12386597104
12386591047
12386591074
12386510479
12386510497
12386510749
12386510794
12386510947
12386510974
12386745910
12386745109
12386749510
12386749105
12386741059
12386741095
12386754910
12386754109
12386759410
12386759104
12386751049
12386751094
12386794510
12386794105
12386795410
12386795104
12386791045
12386791054
12386710459
12386710495
12386710549
12386710594
12386710945
12386710954
12386945710
12386945107
12386947510
12386947105
12386941057
12386941075
12386954710
12386954107
12386957410
12386957104
12386951047
12386951074
12386974510
12386974105
12386975410
12386975104
12386971045
12386971054
12386910457
12386910475
12386910547
12386910574
12386910745
12386910754
12386104579
12386104597
12386104759
12386104795
12386104957
12386104975
12386105479
12386105497
12386105749
12386105794
12386105947
12386105974
12386107459
12386107495
12386107549
12386107594
12386107945
12386107954
12386109457
12386109475
12386109547
12386109574
12386109745
12386109754
12387456910
12387456109
12387459610
12387459106
12387451069
12387451096
12387465910
12387465109
12387469510
12387469105
12387461059
12387461095
12387495610
12387495106
12387496510
12387496105
12387491056
12387491065
12387410569
12387410596
12387410659
12387410695
12387410956
12387410965
12387546910
12387546109
12387549610
12387549106
12387541069
12387541096
12387564910
12387564109
12387569410
12387569104
12387561049
12387561094
12387594610
12387594106
12387596410
12387596104
12387591046
12387591064
12387510469
12387510496
12387510649
12387510694
12387510946
12387510964
12387645910
12387645109
12387649510
12387649105
12387641059
12387641095
12387654910
12387654109
12387659410
12387659104
12387651049
12387651094
12387694510
12387694105
12387695410
12387695104
12387691045
12387691054
12387610459
12387610495
12387610549
12387610594
12387610945
12387610954
12387945610
12387945106
12387946510
12387946105
12387941056
12387941065
12387954610
12387954106
12387956410
12387956104
12387951046
12387951064
12387964510
12387964105
12387965410
12387965104
12387961045
12387961054
12387910456
12387910465
12387910546
12387910564
12387910645
12387910654
12387104569
12387104596
12387104659
12387104695
12387104956
12387104965
12387105469
12387105496
12387105649
12387105694
12387105946
12387105964
12387106459
12387106495
12387106549
12387106594
12387106945
12387106954
12387109456
12387109465
12387109546
12387109564
12387109645
12387109654
12389456710
12389456107
12389457610
12389457106
12389451067
12389451076
12389465710
12389465107
12389467510
12389467105
12389461057
12389461075
12389475610
12389475106
12389476510
12389476105
12389471056
12389471065
12389410567
12389410576
12389410657
12389410675
12389410756
12389410765
12389546710
12389546107
12389547610
12389547106
12389541067
12389541076
12389564710
12389564107
12389567410
12389567104
12389561047
12389561074
12389574610
12389574106
12389576410
12389576104
12389571046
12389571064
12389510467
12389510476
12389510647
12389510674
12389510746
12389510764
12389645710
12389645107
12389647510
12389647105
12389641057
12389641075
12389654710
12389654107
12389657410
12389657104
12389651047
12389651074
12389674510
12389674105
12389675410
12389675104
12389671045
12389671054
12389610457
12389610475
12389610547
12389610574
12389610745
12389610754
12389745610
12389745106
12389746510
12389746105
12389741056
12389741065
12389754610
12389754106
12389756410
12389756104
12389751046
12389751064
12389764510
12389764105
12389765410
12389765104
12389761045
12389761054
12389710456
12389710465
12389710546
12389710564
12389710645
12389710654
12389104567
12389104576
12389104657
12389104675
12389104756
12389104765
12389105467
12389105476
12389105647
12389105674
12389105746
12389105764
12389106457
12389106475
12389106547
12389106574
12389106745
12389106754
12389107456
12389107465
12389107546
12389107564
12389107645
12389107654
12381045679
12381045697
12381045769
12381045796
12381045967
12381045976
12381046579
12381046597
12381046759
12381046795
12381046957
12381046975
12381047569
12381047596
12381047659
12381047695
12381047956
12381047965
12381049567
12381049576
12381049657
12381049675
12381049756
12381049765
12381054679
12381054697
12381054769
12381054796
12381054967
12381054976
12381056479
12381056497
12381056749
12381056794
12381056947
12381056974
12381057469
12381057496
12381057649
12381057694
12381057946
12381057964
12381059467
12381059476
12381059647
12381059674
12381059746
12381059764
12381064579
12381064597
12381064759
12381064795
12381064957
12381064975
12381065479
12381065497
12381065749
12381065794
12381065947
12381065974
12381067459
12381067495
12381067549
12381067594
12381067945
12381067954
12381069457
12381069475
12381069547
12381069574
12381069745
12381069754
12381074569
12381074596
12381074659
12381074695
12381074956
12381074965
12381075469
12381075496
12381075649
12381075694
12381075946
12381075964
12381076459
12381076495
12381076549
12381076594
12381076945
12381076954
12381079456
12381079465
12381079546
12381079564
12381079645
12381079654
12381094567
12381094576
12381094657
12381094675
12381094756
12381094765
12381095467
12381095476
12381095647
12381095674
12381095746
12381095764
12381096457
12381096475
12381096547
12381096574
12381096745
12381096754
12381097456
12381097465
12381097546
12381097564
12381097645
12381097654
12394567810
12394567108
12394568710
12394568107
12394561078
12394561087
12394576810
12394576108
12394578610
12394578106
12394571068
12394571086
12394586710
12394586107
12394587610
12394587106
12394581067
12394581076
12394510678
12394510687
